{"name":"Quimiotaxis Inteligente","description":"Colonia guiada por una politica PPO entrenada. Las bacterias ascienden el gradiente quimico real (difusion FDM) hacia la fuente de nutrientes y proliferan por division celular (LSTM) hasta la capacidad de carga del medio.","policy":"ppo","width":100,"height":100,"dx":1.0,"center":[50.0,50.0],"carrying_capacity":140,"frames":[{"step":0,"t":0.0,"agents":[[65.4,38.4,-0.49,1.0,1,1.16],[73.5,50.7,3.38,1.0,0,1.56],[47.6,63.2,0.65,1.0,1,1.32],[68.0,49.3,5.05,1.0,0,1.44],[56.3,60.0,-0.08,1.0,1,1.04],[32.9,53.7,2.84,1.0,0,1.45],[50.1,66.8,3.77,1.0,0,1.14],[42.1,58.5,5.74,1.0,1,1.59],[59.1,41.2,3.29,1.0,0,1.6],[67.9,61.6,5.71,1.0,1,1.36]],"glucose":[[0.0,0.0,0.0,0.0,0.001,0.001,0.002,0.003,0.004,0.006,0.007,0.008,0.008,0.008,0.008,0.007,0.006,0.004,0.003,0.002,0.001,0.001,0.0,0.0,0.0],[0.0,0.0,0.0,0.001,0.001,0.002,0.003,0.004,0.006,0.008,0.009,0.011,0.011,0.011,0.011,0.009,0.008,0.006,0.004,0.003,0.002,0.001,0.001,0.0,0.0],[0.0,0.0,0.001,0.001,0.002,0.003,0.006,0.008,0.012,0.015,0.019,0.021,0.023,0.023,0.021,0.019,0.015,0.012,0.008,0.006,0.003,0.002,0.001,0.001,0.0],[0.0,0.0,0.001,0.002,0.004,0.007,0.011,0.016,0.023,0.03,0.037,0.042,0.045,0.045,0.042,0.037,0.03,0.023,0.016,0.011,0.007,0.004,0.002,0.001,0.001],[0.0,0.001,0.002,0.004,0.007,0.012,0.02,0.03,0.042,0.055,0.067,0.077,0.082,0.082,0.077,0.067,0.055,0.042,0.03,0.02,0.012,0.007,0.004,0.002,0.001],[0.0,0.001,0.003,0.007,0.012,0.021,0.034,0.051,0.072,0.094,0.115,0.132,0.141,0.141,0.132,0.115,0.094,0.072,0.051,0.034,0.021,0.012,0.007,0.003,0.002],[0.001,0.002,0.005,0.011,0.02,0.034,0.055,0.082,0.115,0.151,0.185,0.211,0.226,0.226,0.211,0.185,0.151,0.115,0.082,0.055,0.034,0.02,0.011,0.006,0.003],[0.001,0.004,0.008,0.016,0.03,0.051,0.082,0.123,0.173,0.226,0.277,0.317,0.339,0.339,0.317,0.277,0.226,0.173,0.123,0.082,0.051,0.03,0.016,0.008,0.004],[0.002,0.005,0.012,0.023,0.042,0.072,0.115,0.173,0.242,0.317,0.388,0.444,0.475,0.475,0.444,0.388,0.317,0.242,0.173,0.115,0.072,0.042,0.023,0.012,0.006],[0.002,0.007,0.015,0.03,0.055,0.094,0.151,0.226,0.317,0.415,0.508,0.582,0.623,0.623,0.582,0.508,0.415,0.317,0.226,0.151,0.094,0.055,0.03,0.015,0.008],[0.003,0.008,0.019,0.037,0.067,0.115,0.185,0.277,0.388,0.508,0.623,0.713,0.762,0.762,0.713,0.623,0.508,0.388,0.277,0.185,0.115,0.067,0.037,0.019,0.01],[0.003,0.009,0.021,0.042,0.077,0.132,0.211,0.317,0.444,0.582,0.713,0.816,0.873,0.873,0.816,0.713,0.582,0.444,0.317,0.211,0.132,0.077,0.042,0.021,0.011],[0.003,0.01,0.023,0.045,0.082,0.141,0.226,0.339,0.475,0.623,0.762,0.873,0.933,0.933,0.873,0.762,0.623,0.475,0.339,0.226,0.141,0.082,0.045,0.023,0.012],[0.003,0.01,0.023,0.045,0.082,0.141,0.226,0.339,0.475,0.623,0.762,0.873,0.933,0.933,0.873,0.762,0.623,0.475,0.339,0.226,0.141,0.082,0.045,0.023,0.012],[0.003,0.009,0.021,0.042,0.077,0.132,0.211,0.317,0.444,0.582,0.713,0.816,0.873,0.873,0.816,0.713,0.582,0.444,0.317,0.211,0.132,0.077,0.042,0.021,0.011],[0.003,0.008,0.019,0.037,0.067,0.115,0.185,0.277,0.388,0.508,0.623,0.713,0.762,0.762,0.712,0.623,0.508,0.388,0.277,0.185,0.115,0.067,0.037,0.019,0.01],[0.002,0.007,0.015,0.03,0.055,0.094,0.151,0.226,0.317,0.415,0.508,0.582,0.623,0.623,0.582,0.508,0.415,0.317,0.226,0.151,0.094,0.055,0.03,0.015,0.008],[0.002,0.005,0.012,0.023,0.042,0.072,0.115,0.173,0.242,0.317,0.388,0.444,0.475,0.475,0.444,0.388,0.317,0.242,0.173,0.115,0.072,0.042,0.023,0.012,0.006],[0.001,0.004,0.008,0.016,0.03,0.051,0.082,0.123,0.173,0.226,0.277,0.317,0.339,0.339,0.317,0.277,0.226,0.173,0.123,0.082,0.051,0.03,0.016,0.008,0.004],[0.001,0.002,0.005,0.011,0.02,0.034,0.055,0.082,0.115,0.151,0.185,0.211,0.226,0.226,0.211,0.185,0.151,0.115,0.082,0.055,0.034,0.02,0.011,0.006,0.003],[0.0,0.001,0.003,0.007,0.012,0.021,0.034,0.051,0.072,0.094,0.115,0.132,0.141,0.141,0.132,0.115,0.094,0.072,0.051,0.034,0.021,0.012,0.007,0.003,0.002],[0.0,0.001,0.002,0.004,0.007,0.012,0.02,0.03,0.042,0.055,0.067,0.077,0.082,0.082,0.077,0.067,0.055,0.042,0.03,0.02,0.012,0.007,0.004,0.002,0.001],[0.0,0.0,0.001,0.002,0.004,0.007,0.011,0.016,0.023,0.03,0.037,0.042,0.045,0.045,0.042,0.037,0.03,0.023,0.016,0.011,0.007,0.004,0.002,0.001,0.001],[0.0,0.0,0.001,0.001,0.002,0.003,0.006,0.008,0.012,0.015,0.019,0.021,0.023,0.023,0.021,0.019,0.015,0.012,0.008,0.006,0.003,0.002,0.001,0.001,0.0],[0.0,0.0,0.0,0.001,0.001,0.002,0.003,0.004,0.006,0.008,0.01,0.011,0.012,0.012,0.011,0.01,0.008,0.006,0.004,0.003,0.002,0.001,0.001,0.0,0.0]],"births":0,"stats":{"N":10,"avg_energy":1.0,"divisions":0,"food":0.1411}},{"step":8,"t":0.08,"agents":[[64.8,39.5,2.06,1.0,0,1.2],[73.0,50.8,8.48,1.0,0,1.59],[47.7,64.5,1.6,1.0,0,1.35],[67.5,49.4,4.13,1.0,1,1.49],[56.6,60.3,1.08,1.0,1,1.09],[33.1,53.3,3.78,1.0,0,1.49],[49.7,66.2,-1.74,1.0,0,1.18],[43.0,58.1,8.16,1.0,1,1.62],[57.8,40.6,3.05,1.0,0,1.64],[68.2,61.2,3.96,1.0,0,1.41]],"glucose":[[0.0,0.001,0.002,0.004,0.006,0.009,0.012,0.016,0.02,0.025,0.029,0.031,0.033,0.033,0.031,0.029,0.025,0.02,0.016,0.012,0.009,0.006,0.004,0.003,0.002],[0.0,0.001,0.002,0.004,0.006,0.01,0.013,0.018,0.023,0.028,0.032,0.035,0.037,0.037,0.035,0.032,0.028,0.023,0.018,0.013,0.01,0.007,0.004,0.003,0.002],[0.0,0.002,0.003,0.006,0.009,0.013,0.019,0.025,0.032,0.039,0.045,0.049,0.052,0.052,0.049,0.045,0.039,0.032,0.025,0.019,0.014,0.009,0.006,0.004,0.003],[0.0,0.002,0.005,0.009,0.014,0.02,0.029,0.038,0.049,0.059,0.068,0.075,0.079,0.079,0.075,0.068,0.059,0.049,0.038,0.029,0.021,0.014,0.009,0.006,0.005],[0.0,0.004,0.008,0.013,0.021,0.031,0.043,0.058,0.074,0.089,0.103,0.114,0.119,0.119,0.114,0.103,0.089,0.074,0.058,0.043,0.031,0.021,0.014,0.01,0.007],[0.0,0.005,0.011,0.02,0.031,0.045,0.063,0.085,0.108,0.131,0.151,0.166,0.174,0.174,0.166,0.151,0.131,0.108,0.085,0.064,0.045,0.031,0.021,0.014,0.01],[0.001,0.007,0.016,0.027,0.043,0.063,0.089,0.118,0.151,0.183,0.211,0.233,0.244,0.244,0.233,0.211,0.183,0.151,0.118,0.089,0.064,0.044,0.029,0.02,0.015],[0.001,0.01,0.021,0.036,0.057,0.084,0.118,0.158,0.201,0.244,0.282,0.312,0.328,0.328,0.312,0.282,0.244,0.201,0.158,0.118,0.085,0.058,0.039,0.026,0.02],[0.002,0.012,0.027,0.046,0.073,0.107,0.151,0.201,0.256,0.312,0.362,0.402,0.425,0.425,0.402,0.362,0.312,0.256,0.201,0.151,0.108,0.074,0.049,0.033,0.025],[0.002,0.015,0.033,0.056,0.088,0.13,0.182,0.244,0.312,0.382,0.449,0.508,0.545,0.545,0.508,0.449,0.382,0.312,0.244,0.183,0.131,0.09,0.06,0.04,0.03],[0.003,0.017,0.038,0.065,0.102,0.15,0.211,0.282,0.362,0.449,0.545,0.628,0.675,0.675,0.628,0.545,0.449,0.362,0.282,0.211,0.151,0.104,0.069,0.046,0.035],[0.003,0.019,0.041,0.071,0.112,0.166,0.232,0.312,0.402,0.508,0.628,0.724,0.778,0.778,0.724,0.628,0.508,0.402,0.312,0.233,0.166,0.114,0.076,0.051,0.038],[0.003,0.02,0.043,0.075,0.118,0.174,0.244,0.328,0.425,0.545,0.675,0.778,0.835,0.835,0.778,0.675,0.545,0.425,0.328,0.244,0.174,0.12,0.08,0.054,0.04],[0.003,0.02,0.043,0.075,0.118,0.174,0.244,0.328,0.425,0.545,0.675,0.778,0.835,0.835,0.778,0.675,0.545,0.425,0.328,0.244,0.174,0.12,0.08,0.054,0.04],[0.003,0.019,0.041,0.071,0.112,0.166,0.232,0.312,0.402,0.508,0.628,0.724,0.778,0.778,0.724,0.628,0.508,0.402,0.312,0.233,0.166,0.114,0.076,0.051,0.038],[0.003,0.017,0.038,0.065,0.102,0.15,0.211,0.282,0.362,0.449,0.545,0.628,0.675,0.675,0.628,0.545,0.449,0.362,0.282,0.211,0.151,0.104,0.069,0.046,0.035],[0.002,0.015,0.033,0.056,0.088,0.13,0.182,0.244,0.312,0.382,0.449,0.508,0.545,0.545,0.508,0.449,0.382,0.312,0.244,0.183,0.131,0.09,0.06,0.04,0.03],[0.002,0.012,0.027,0.046,0.073,0.107,0.151,0.201,0.256,0.312,0.362,0.402,0.425,0.425,0.402,0.362,0.312,0.256,0.201,0.151,0.108,0.074,0.049,0.033,0.025],[0.001,0.01,0.021,0.036,0.057,0.084,0.118,0.158,0.201,0.244,0.282,0.312,0.328,0.328,0.312,0.282,0.244,0.201,0.158,0.118,0.085,0.058,0.039,0.026,0.02],[0.001,0.007,0.016,0.027,0.043,0.063,0.089,0.118,0.151,0.183,0.211,0.233,0.244,0.244,0.233,0.211,0.183,0.151,0.118,0.089,0.064,0.044,0.029,0.02,0.015],[0.0,0.005,0.011,0.02,0.031,0.045,0.064,0.085,0.108,0.131,0.151,0.166,0.174,0.174,0.166,0.151,0.131,0.108,0.085,0.064,0.046,0.031,0.021,0.014,0.01],[0.0,0.004,0.008,0.013,0.021,0.031,0.044,0.058,0.074,0.09,0.104,0.114,0.12,0.12,0.114,0.104,0.09,0.074,0.058,0.044,0.031,0.021,0.014,0.01,0.007],[0.0,0.002,0.005,0.009,0.014,0.021,0.029,0.039,0.049,0.06,0.069,0.076,0.08,0.08,0.076,0.069,0.06,0.049,0.039,0.029,0.021,0.014,0.009,0.006,0.005],[0.0,0.002,0.003,0.006,0.009,0.014,0.02,0.026,0.033,0.04,0.046,0.051,0.054,0.054,0.051,0.046,0.04,0.033,0.026,0.02,0.014,0.01,0.006,0.004,0.003],[0.0,0.001,0.003,0.005,0.007,0.01,0.015,0.02,0.025,0.03,0.035,0.038,0.04,0.04,0.038,0.035,0.03,0.025,0.02,0.015,0.01,0.007,0.005,0.003,0.002]],"births":0,"stats":{"N":10,"avg_energy":1.0,"divisions":0,"food":0.1486}},{"step":16,"t":0.16,"agents":[[63.7,40.3,2.51,1.0,1,1.24],[73.6,50.9,5.13,1.0,0,1.62],[48.1,65.3,0.6,1.0,1,1.39],[68.0,49.1,5.25,1.0,0,1.53],[56.2,59.4,2.77,1.0,0,1.14],[32.4,53.4,-1.73,1.0,1,1.53],[49.3,66.6,-3.36,1.0,0,1.23],[42.6,58.6,9.77,1.0,1,1.66],[56.8,41.8,1.95,1.0,0,1.67],[66.7,61.1,3.2,1.0,0,1.46]],"glucose":[[0.0,0.003,0.006,0.01,0.015,0.021,0.027,0.034,0.041,0.048,0.053,0.057,0.06,0.06,0.057,0.053,0.048,0.041,0.034,0.027,0.021,0.016,0.012,0.009,0.008],[0.0,0.003,0.007,0.011,0.016,0.022,0.029,0.036,0.044,0.051,0.057,0.061,0.064,0.064,0.061,0.057,0.051,0.044,0.036,0.029,0.023,0.017,0.013,0.01,0.008],[0.0,0.004,0.008,0.014,0.02,0.027,0.036,0.045,0.054,0.063,0.07,0.075,0.078,0.078,0.075,0.07,0.063,0.054,0.045,0.036,0.028,0.021,0.016,0.012,0.01],[0.0,0.005,0.011,0.018,0.026,0.036,0.047,0.059,0.071,0.083,0.093,0.1,0.104,0.104,0.1,0.093,0.083,0.071,0.059,0.048,0.037,0.028,0.021,0.016,0.014],[0.0,0.007,0.015,0.024,0.036,0.049,0.064,0.08,0.097,0.112,0.126,0.136,0.141,0.141,0.136,0.126,0.112,0.097,0.08,0.064,0.05,0.038,0.028,0.022,0.018],[0.0,0.01,0.02,0.032,0.047,0.065,0.085,0.106,0.129,0.151,0.169,0.183,0.191,0.191,0.183,0.169,0.151,0.129,0.107,0.085,0.066,0.05,0.037,0.029,0.024],[0.001,0.012,0.026,0.042,0.061,0.084,0.11,0.138,0.168,0.197,0.223,0.242,0.253,0.253,0.242,0.223,0.197,0.168,0.139,0.111,0.085,0.065,0.048,0.037,0.031],[0.001,0.015,0.032,0.052,0.076,0.105,0.138,0.175,0.213,0.252,0.287,0.314,0.329,0.329,0.314,0.287,0.252,0.214,0.175,0.139,0.107,0.081,0.06,0.047,0.039],[0.002,0.019,0.039,0.063,0.092,0.127,0.167,0.213,0.263,0.314,0.362,0.4,0.422,0.422,0.401,0.362,0.314,0.263,0.214,0.169,0.13,0.097,0.073,0.056,0.047],[0.002,0.022,0.045,0.073,0.107,0.148,0.196,0.252,0.314,0.38,0.446,0.508,0.545,0.545,0.508,0.446,0.38,0.314,0.252,0.198,0.151,0.113,0.085,0.065,0.055],[0.003,0.024,0.051,0.082,0.12,0.166,0.221,0.286,0.361,0.446,0.545,0.628,0.675,0.675,0.628,0.545,0.446,0.362,0.287,0.223,0.17,0.127,0.095,0.073,0.061],[0.003,0.026,0.055,0.089,0.13,0.18,0.241,0.313,0.4,0.508,0.628,0.724,0.778,0.778,0.724,0.628,0.508,0.401,0.314,0.243,0.184,0.137,0.102,0.079,0.066],[0.003,0.027,0.057,0.092,0.135,0.187,0.251,0.328,0.422,0.545,0.675,0.778,0.835,0.835,0.778,0.675,0.545,0.423,0.329,0.253,0.191,0.143,0.106,0.082,0.069],[0.003,0.027,0.057,0.092,0.135,0.187,0.251,0.328,0.422,0.545,0.675,0.778,0.835,0.835,0.778,0.675,0.545,0.423,0.329,0.253,0.191,0.143,0.106,0.082,0.069],[0.003,0.026,0.055,0.089,0.13,0.18,0.241,0.313,0.4,0.508,0.628,0.724,0.778,0.778,0.724,0.628,0.508,0.401,0.314,0.243,0.184,0.137,0.102,0.079,0.066],[0.003,0.024,0.051,0.082,0.12,0.166,0.221,0.286,0.361,0.446,0.545,0.628,0.675,0.675,0.628,0.545,0.446,0.362,0.287,0.223,0.17,0.127,0.095,0.073,0.061],[0.002,0.022,0.045,0.073,0.107,0.148,0.196,0.252,0.314,0.38,0.446,0.508,0.545,0.545,0.508,0.446,0.38,0.314,0.252,0.198,0.151,0.113,0.085,0.065,0.055],[0.002,0.019,0.039,0.063,0.092,0.127,0.167,0.213,0.263,0.314,0.362,0.401,0.423,0.423,0.401,0.362,0.314,0.263,0.214,0.169,0.13,0.097,0.073,0.056,0.047],[0.001,0.015,0.032,0.052,0.076,0.105,0.138,0.175,0.214,0.252,0.287,0.314,0.329,0.329,0.314,0.287,0.252,0.214,0.175,0.139,0.107,0.081,0.06,0.047,0.039],[0.001,0.012,0.026,0.042,0.061,0.084,0.11,0.139,0.168,0.198,0.223,0.243,0.253,0.253,0.243,0.223,0.198,0.169,0.139,0.111,0.086,0.065,0.048,0.037,0.032],[0.0,0.01,0.02,0.033,0.047,0.065,0.085,0.107,0.129,0.151,0.17,0.184,0.191,0.191,0.184,0.17,0.151,0.13,0.107,0.086,0.066,0.05,0.038,0.029,0.024],[0.0,0.007,0.015,0.025,0.036,0.049,0.064,0.08,0.097,0.113,0.127,0.137,0.143,0.143,0.137,0.127,0.113,0.097,0.081,0.065,0.05,0.038,0.028,0.022,0.019],[0.0,0.005,0.011,0.018,0.027,0.037,0.048,0.06,0.073,0.085,0.095,0.102,0.106,0.106,0.102,0.095,0.085,0.073,0.06,0.048,0.038,0.028,0.021,0.016,0.014],[0.0,0.004,0.009,0.014,0.021,0.028,0.037,0.047,0.056,0.065,0.073,0.079,0.082,0.082,0.079,0.073,0.065,0.056,0.047,0.037,0.029,0.022,0.016,0.013,0.011],[0.0,0.004,0.007,0.012,0.018,0.024,0.031,0.039,0.047,0.055,0.061,0.066,0.069,0.069,0.066,0.061,0.055,0.047,0.039,0.032,0.024,0.019,0.014,0.011,0.009]],"births":0,"stats":{"N":10,"avg_energy":1.0,"divisions":0,"food":0.1621}},{"step":24,"t":0.24,"agents":[[63.5,40.4,1.94,1.0,1,1.27],[74.3,49.7,4.55,1.0,1,1.66],[49.2,65.4,-0.01,1.0,0,1.43],[68.2,48.6,4.91,1.0,1,1.58],[56.9,58.7,5.39,1.0,0,1.18],[33.2,52.7,-0.25,1.0,0,1.57],[49.3,65.6,2.09,1.0,1,1.27],[43.2,58.6,6.2,1.0,1,1.7],[56.2,41.4,4.4,1.0,0,1.71],[65.5,60.9,3.78,1.0,0,1.51]],"glucose":[[0.0,0.006,0.012,0.019,0.026,0.034,0.043,0.052,0.061,0.069,0.076,0.081,0.083,0.083,0.081,0.076,0.069,0.061,0.053,0.044,0.036,0.029,0.024,0.02,0.018],[0.0,0.006,0.013,0.02,0.027,0.036,0.045,0.055,0.064,0.072,0.079,0.085,0.087,0.087,0.085,0.079,0.072,0.064,0.055,0.046,0.038,0.031,0.025,0.021,0.019],[0.0,0.007,0.014,0.023,0.032,0.041,0.052,0.063,0.074,0.084,0.092,0.098,0.101,0.101,0.098,0.092,0.084,0.074,0.064,0.053,0.044,0.035,0.029,0.024,0.021],[0.0,0.009,0.018,0.028,0.039,0.051,0.064,0.077,0.091,0.103,0.114,0.121,0.125,0.125,0.121,0.114,0.103,0.091,0.078,0.065,0.053,0.043,0.035,0.029,0.026],[0.0,0.011,0.022,0.034,0.048,0.063,0.08,0.097,0.115,0.131,0.145,0.155,0.16,0.16,0.155,0.145,0.131,0.115,0.098,0.082,0.067,0.054,0.043,0.036,0.032],[0.0,0.013,0.027,0.043,0.06,0.08,0.101,0.123,0.146,0.167,0.185,0.199,0.206,0.206,0.199,0.185,0.167,0.146,0.124,0.103,0.084,0.067,0.054,0.045,0.04],[0.001,0.016,0.034,0.053,0.074,0.098,0.125,0.153,0.183,0.211,0.236,0.254,0.264,0.264,0.254,0.236,0.211,0.184,0.155,0.128,0.103,0.083,0.067,0.055,0.049],[0.001,0.02,0.04,0.063,0.089,0.119,0.152,0.188,0.225,0.263,0.296,0.322,0.337,0.337,0.322,0.296,0.263,0.226,0.19,0.155,0.125,0.1,0.08,0.066,0.059],[0.002,0.023,0.047,0.074,0.105,0.14,0.18,0.224,0.272,0.321,0.368,0.405,0.427,0.427,0.405,0.368,0.322,0.273,0.227,0.184,0.147,0.117,0.093,0.077,0.069],[0.002,0.026,0.054,0.084,0.119,0.16,0.207,0.261,0.321,0.385,0.45,0.508,0.545,0.545,0.508,0.45,0.386,0.322,0.263,0.212,0.168,0.133,0.106,0.088,0.078],[0.003,0.029,0.059,0.093,0.132,0.178,0.231,0.294,0.367,0.449,0.545,0.628,0.675,0.675,0.628,0.545,0.45,0.368,0.297,0.236,0.186,0.147,0.116,0.096,0.085],[0.003,0.03,0.063,0.099,0.141,0.191,0.25,0.32,0.404,0.508,0.628,0.724,0.778,0.778,0.724,0.628,0.508,0.406,0.323,0.255,0.2,0.157,0.124,0.102,0.091],[0.003,0.031,0.065,0.102,0.146,0.198,0.26,0.334,0.426,0.545,0.675,0.778,0.835,0.835,0.778,0.675,0.545,0.426,0.337,0.265,0.207,0.162,0.128,0.106,0.094],[0.003,0.031,0.065,0.102,0.146,0.198,0.26,0.334,0.426,0.545,0.675,0.778,0.835,0.835,0.778,0.675,0.545,0.427,0.337,0.265,0.207,0.162,0.128,0.106,0.094],[0.003,0.03,0.063,0.099,0.141,0.191,0.25,0.32,0.404,0.508,0.628,0.724,0.778,0.778,0.724,0.628,0.508,0.406,0.323,0.255,0.2,0.157,0.124,0.102,0.091],[0.003,0.029,0.059,0.093,0.132,0.178,0.231,0.294,0.367,0.449,0.545,0.628,0.675,0.675,0.628,0.545,0.45,0.368,0.297,0.236,0.186,0.147,0.116,0.096,0.085],[0.002,0.026,0.054,0.084,0.12,0.16,0.207,0.261,0.321,0.385,0.45,0.508,0.545,0.545,0.508,0.45,0.386,0.322,0.263,0.212,0.168,0.133,0.106,0.088,0.078],[0.002,0.023,0.047,0.074,0.105,0.14,0.18,0.225,0.272,0.322,0.368,0.405,0.427,0.427,0.406,0.368,0.322,0.274,0.227,0.184,0.147,0.117,0.093,0.077,0.069],[0.001,0.02,0.041,0.064,0.09,0.119,0.152,0.188,0.226,0.263,0.297,0.323,0.337,0.337,0.323,0.297,0.263,0.227,0.19,0.156,0.125,0.1,0.08,0.066,0.059],[0.001,0.016,0.034,0.053,0.075,0.099,0.125,0.154,0.183,0.211,0.236,0.255,0.265,0.265,0.255,0.236,0.212,0.184,0.156,0.128,0.104,0.083,0.067,0.056,0.05],[0.0,0.013,0.028,0.043,0.061,0.08,0.101,0.124,0.146,0.168,0.186,0.2,0.207,0.207,0.2,0.186,0.168,0.147,0.125,0.104,0.084,0.068,0.055,0.046,0.041],[0.0,0.011,0.022,0.035,0.049,0.064,0.081,0.099,0.116,0.133,0.146,0.157,0.162,0.162,0.157,0.147,0.133,0.117,0.1,0.083,0.068,0.055,0.044,0.037,0.033],[0.0,0.009,0.018,0.028,0.039,0.052,0.065,0.079,0.093,0.106,0.116,0.124,0.128,0.128,0.124,0.116,0.106,0.093,0.08,0.067,0.055,0.044,0.036,0.03,0.027],[0.0,0.007,0.015,0.024,0.033,0.043,0.054,0.066,0.077,0.087,0.096,0.102,0.106,0.106,0.102,0.096,0.088,0.077,0.066,0.056,0.046,0.037,0.03,0.025,0.022],[0.0,0.007,0.014,0.021,0.029,0.039,0.048,0.059,0.069,0.078,0.085,0.091,0.094,0.094,0.091,0.085,0.078,0.069,0.059,0.05,0.041,0.033,0.027,0.022,0.02]],"births":0,"stats":{"N":10,"avg_energy":1.0,"divisions":0,"food":0.1749}},{"step":32,"t":0.32,"agents":[[63.1,40.4,-1.75,1.0,0,1.31],[73.1,49.6,4.8,1.0,1,1.69],[49.4,65.4,8.44,1.0,1,1.46],[68.2,48.9,8.99,1.0,0,1.63],[56.6,58.4,2.26,1.0,1,1.23],[33.7,52.6,-8.02,1.0,1,1.61],[48.6,66.9,3.12,1.0,1,1.31],[44.8,59.3,6.81,1.0,0,1.74],[56.3,41.6,3.61,1.0,1,1.75],[64.7,60.2,3.95,1.0,0,1.56]],"glucose":[[0.0,0.009,0.018,0.027,0.037,0.048,0.059,0.069,0.08,0.089,0.096,0.102,0.105,0.105,0.102,0.097,0.089,0.081,0.071,0.061,0.052,0.044,0.038,0.033,0.031],[0.0,0.009,0.018,0.028,0.038,0.049,0.06,0.071,0.082,0.092,0.1,0.105,0.108,0.108,0.105,0.1,0.092,0.083,0.073,0.063,0.054,0.046,0.039,0.034,0.032],[0.0,0.01,0.02,0.031,0.043,0.055,0.067,0.08,0.092,0.102,0.111,0.118,0.121,0.121,0.118,0.112,0.103,0.093,0.082,0.07,0.06,0.05,0.043,0.038,0.035],[0.0,0.012,0.024,0.036,0.05,0.064,0.078,0.093,0.108,0.121,0.132,0.14,0.144,0.144,0.14,0.132,0.122,0.109,0.096,0.082,0.07,0.059,0.05,0.044,0.04],[0.0,0.014,0.028,0.043,0.059,0.076,0.094,0.113,0.131,0.147,0.161,0.171,0.177,0.177,0.172,0.162,0.148,0.132,0.115,0.099,0.083,0.07,0.059,0.052,0.048],[0.0,0.016,0.034,0.052,0.071,0.092,0.114,0.137,0.16,0.182,0.2,0.213,0.22,0.22,0.213,0.2,0.183,0.162,0.141,0.12,0.1,0.084,0.071,0.062,0.057],[0.001,0.02,0.04,0.061,0.085,0.11,0.138,0.167,0.196,0.224,0.248,0.266,0.276,0.276,0.266,0.248,0.225,0.198,0.17,0.144,0.12,0.1,0.084,0.073,0.067],[0.001,0.023,0.046,0.072,0.1,0.13,0.164,0.199,0.237,0.273,0.306,0.331,0.345,0.345,0.332,0.307,0.274,0.239,0.204,0.171,0.141,0.117,0.098,0.085,0.078],[0.002,0.026,0.053,0.082,0.115,0.151,0.191,0.235,0.281,0.329,0.374,0.411,0.432,0.432,0.411,0.375,0.331,0.284,0.239,0.199,0.163,0.134,0.112,0.097,0.089],[0.002,0.029,0.059,0.092,0.129,0.17,0.217,0.27,0.328,0.391,0.453,0.508,0.545,0.545,0.508,0.454,0.392,0.331,0.275,0.226,0.184,0.15,0.125,0.108,0.098],[0.003,0.031,0.064,0.1,0.141,0.187,0.24,0.302,0.372,0.453,0.545,0.628,0.675,0.675,0.628,0.545,0.454,0.375,0.307,0.249,0.202,0.164,0.136,0.117,0.107],[0.003,0.033,0.068,0.106,0.15,0.199,0.258,0.326,0.409,0.508,0.628,0.724,0.778,0.778,0.724,0.628,0.508,0.411,0.332,0.267,0.215,0.174,0.144,0.123,0.112],[0.003,0.034,0.07,0.11,0.154,0.206,0.267,0.34,0.429,0.545,0.675,0.778,0.835,0.835,0.778,0.675,0.545,0.432,0.346,0.277,0.222,0.18,0.148,0.127,0.115],[0.003,0.034,0.07,0.11,0.154,0.206,0.267,0.34,0.429,0.545,0.675,0.778,0.835,0.835,0.778,0.675,0.545,0.432,0.346,0.277,0.222,0.18,0.148,0.127,0.115],[0.003,0.033,0.068,0.106,0.15,0.199,0.258,0.326,0.409,0.508,0.628,0.724,0.778,0.778,0.724,0.628,0.508,0.412,0.332,0.268,0.215,0.174,0.144,0.123,0.112],[0.003,0.031,0.064,0.1,0.141,0.187,0.24,0.302,0.373,0.453,0.545,0.628,0.675,0.675,0.628,0.545,0.454,0.376,0.307,0.25,0.202,0.164,0.136,0.117,0.107],[0.002,0.029,0.059,0.092,0.129,0.17,0.217,0.27,0.328,0.391,0.453,0.508,0.545,0.545,0.508,0.454,0.392,0.331,0.275,0.226,0.184,0.151,0.125,0.108,0.098],[0.002,0.026,0.053,0.082,0.115,0.151,0.191,0.235,0.282,0.33,0.375,0.411,0.432,0.432,0.412,0.376,0.331,0.285,0.24,0.199,0.164,0.134,0.112,0.097,0.089],[0.001,0.023,0.047,0.072,0.1,0.131,0.164,0.2,0.237,0.274,0.307,0.332,0.346,0.346,0.332,0.307,0.275,0.24,0.204,0.171,0.142,0.117,0.098,0.085,0.078],[0.001,0.02,0.04,0.062,0.085,0.111,0.138,0.167,0.197,0.225,0.249,0.267,0.277,0.277,0.267,0.25,0.226,0.199,0.171,0.145,0.121,0.1,0.084,0.073,0.067],[0.0,0.017,0.034,0.052,0.072,0.093,0.115,0.139,0.162,0.183,0.201,0.215,0.222,0.222,0.215,0.202,0.184,0.164,0.142,0.121,0.101,0.085,0.072,0.062,0.057],[0.0,0.014,0.028,0.044,0.06,0.078,0.096,0.115,0.133,0.15,0.164,0.174,0.179,0.18,0.174,0.164,0.151,0.134,0.117,0.1,0.085,0.071,0.06,0.053,0.049],[0.0,0.012,0.024,0.037,0.051,0.065,0.081,0.096,0.111,0.124,0.135,0.144,0.148,0.148,0.144,0.136,0.125,0.112,0.098,0.084,0.072,0.06,0.051,0.045,0.041],[0.0,0.01,0.021,0.032,0.044,0.057,0.07,0.083,0.096,0.107,0.116,0.123,0.127,0.127,0.123,0.117,0.108,0.097,0.085,0.073,0.062,0.053,0.045,0.039,0.036],[0.0,0.01,0.02,0.03,0.041,0.052,0.064,0.076,0.088,0.098,0.106,0.112,0.115,0.115,0.112,0.107,0.098,0.089,0.078,0.067,0.057,0.049,0.041,0.036,0.034]],"births":0,"stats":{"N":10,"avg_energy":1.0,"divisions":0,"food":0.1868}},{"step":40,"t":0.4,"agents":[[62.1,41.0,-7.31,1.0,1,1.35],[73.1,49.9,1.92,1.0,1,1.72],[49.5,64.9,1.54,1.0,1,1.5],[67.8,48.8,11.53,1.0,0,1.67],[56.9,58.6,2.41,1.0,1,1.28],[33.3,51.7,-6.25,1.0,1,1.66],[48.2,66.3,7.01,1.0,1,1.36],[45.6,58.8,6.72,1.0,1,1.78],[56.2,41.2,3.88,1.0,0,1.79],[65.3,60.1,5.39,1.0,1,1.61]],"glucose":[[0.0,0.012,0.023,0.035,0.047,0.06,0.072,0.085,0.096,0.106,0.115,0.12,0.124,0.124,0.121,0.115,0.108,0.099,0.088,0.078,0.068,0.06,0.053,0.048,0.045],[0.0,0.012,0.024,0.036,0.049,0.061,0.074,0.087,0.099,0.109,0.118,0.124,0.127,0.127,0.124,0.118,0.111,0.101,0.091,0.08,0.07,0.061,0.054,0.049,0.046],[0.0,0.013,0.026,0.039,0.053,0.067,0.081,0.095,0.108,0.119,0.129,0.136,0.139,0.139,0.136,0.13,0.121,0.11,0.099,0.087,0.076,0.066,0.058,0.053,0.05],[0.0,0.014,0.029,0.044,0.059,0.075,0.092,0.108,0.123,0.137,0.148,0.157,0.161,0.161,0.157,0.149,0.139,0.126,0.112,0.099,0.086,0.075,0.066,0.059,0.056],[0.0,0.016,0.033,0.051,0.069,0.088,0.107,0.126,0.145,0.162,0.176,0.187,0.192,0.192,0.187,0.178,0.164,0.148,0.132,0.115,0.1,0.086,0.075,0.068,0.064],[0.0,0.019,0.039,0.059,0.08,0.103,0.126,0.15,0.173,0.195,0.213,0.227,0.234,0.234,0.227,0.215,0.197,0.177,0.156,0.135,0.116,0.1,0.087,0.078,0.073],[0.001,0.022,0.045,0.068,0.094,0.12,0.149,0.178,0.207,0.235,0.259,0.277,0.287,0.287,0.278,0.261,0.238,0.212,0.185,0.159,0.136,0.116,0.101,0.09,0.084],[0.001,0.025,0.051,0.079,0.108,0.14,0.174,0.21,0.247,0.283,0.315,0.34,0.354,0.354,0.341,0.316,0.285,0.251,0.217,0.185,0.157,0.133,0.115,0.103,0.096],[0.002,0.028,0.058,0.089,0.122,0.159,0.2,0.243,0.29,0.337,0.381,0.416,0.437,0.437,0.417,0.382,0.34,0.295,0.252,0.212,0.179,0.151,0.129,0.115,0.107],[0.002,0.031,0.064,0.098,0.136,0.178,0.225,0.277,0.335,0.396,0.457,0.509,0.545,0.545,0.509,0.458,0.399,0.34,0.286,0.239,0.199,0.167,0.143,0.126,0.117],[0.003,0.034,0.069,0.106,0.148,0.194,0.247,0.308,0.378,0.456,0.545,0.628,0.675,0.675,0.628,0.545,0.458,0.383,0.317,0.262,0.217,0.181,0.154,0.135,0.126],[0.003,0.035,0.072,0.112,0.156,0.206,0.264,0.332,0.412,0.508,0.628,0.724,0.778,0.778,0.724,0.628,0.509,0.418,0.342,0.28,0.23,0.191,0.162,0.142,0.132],[0.003,0.036,0.074,0.115,0.161,0.213,0.273,0.345,0.432,0.545,0.675,0.778,0.835,0.835,0.778,0.675,0.545,0.437,0.355,0.289,0.237,0.196,0.166,0.146,0.135],[0.003,0.036,0.074,0.115,0.161,0.213,0.273,0.345,0.432,0.545,0.675,0.778,0.835,0.835,0.778,0.675,0.545,0.438,0.355,0.289,0.237,0.196,0.166,0.146,0.135],[0.003,0.035,0.072,0.112,0.156,0.206,0.264,0.332,0.413,0.508,0.628,0.724,0.778,0.778,0.724,0.628,0.509,0.418,0.342,0.28,0.23,0.191,0.162,0.142,0.132],[0.003,0.034,0.069,0.106,0.148,0.194,0.247,0.308,0.378,0.456,0.545,0.628,0.675,0.675,0.628,0.545,0.459,0.383,0.317,0.262,0.217,0.181,0.154,0.135,0.126],[0.002,0.031,0.064,0.098,0.136,0.178,0.225,0.278,0.335,0.396,0.457,0.509,0.545,0.545,0.509,0.459,0.399,0.34,0.286,0.239,0.199,0.167,0.143,0.126,0.117],[0.002,0.028,0.058,0.089,0.123,0.16,0.2,0.244,0.29,0.337,0.381,0.417,0.437,0.437,0.418,0.383,0.34,0.295,0.252,0.213,0.179,0.151,0.13,0.115,0.107],[0.001,0.025,0.051,0.079,0.108,0.14,0.174,0.21,0.247,0.284,0.316,0.341,0.355,0.355,0.342,0.317,0.286,0.252,0.218,0.186,0.158,0.134,0.116,0.103,0.096],[0.001,0.022,0.045,0.069,0.094,0.121,0.15,0.179,0.209,0.237,0.261,0.279,0.289,0.289,0.28,0.262,0.239,0.213,0.186,0.16,0.137,0.117,0.102,0.091,0.085],[0.0,0.019,0.039,0.06,0.081,0.104,0.128,0.152,0.175,0.197,0.215,0.229,0.236,0.236,0.23,0.217,0.199,0.179,0.158,0.137,0.118,0.101,0.088,0.079,0.074],[0.0,0.017,0.034,0.052,0.07,0.089,0.109,0.129,0.148,0.165,0.18,0.19,0.196,0.196,0.191,0.181,0.167,0.151,0.134,0.117,0.101,0.088,0.077,0.069,0.065],[0.0,0.015,0.03,0.045,0.061,0.078,0.094,0.111,0.127,0.141,0.153,0.161,0.165,0.166,0.162,0.154,0.143,0.13,0.116,0.102,0.088,0.077,0.067,0.061,0.057],[0.0,0.013,0.027,0.041,0.055,0.069,0.084,0.099,0.112,0.124,0.134,0.142,0.145,0.145,0.142,0.135,0.126,0.115,0.103,0.091,0.079,0.069,0.061,0.055,0.052],[0.0,0.012,0.025,0.038,0.051,0.065,0.079,0.092,0.105,0.116,0.125,0.131,0.135,0.135,0.132,0.126,0.117,0.107,0.096,0.085,0.074,0.065,0.057,0.052,0.049]],"births":0,"stats":{"N":10,"avg_energy":1.0,"divisions":0,"food":0.1979}},{"step":48,"t":0.48,"agents":[[62.0,40.6,-3.72,1.0,0,1.39],[72.4,50.5,3.27,1.0,0,1.75],[50.3,65.8,0.81,1.0,0,1.53],[67.3,47.5,10.95,1.0,0,1.72],[56.9,59.3,0.29,1.0,1,1.33],[33.3,51.6,-1.86,1.0,1,1.7],[48.4,66.6,10.01,1.0,1,1.4],[46.6,58.5,5.5,1.0,0,1.82],[55.6,40.2,4.97,1.0,0,1.83],[66.1,59.5,5.86,1.0,1,1.66]],"glucose":[[0.0,0.014,0.028,0.042,0.057,0.071,0.085,0.099,0.111,0.122,0.131,0.137,0.141,0.141,0.138,0.133,0.125,0.116,0.105,0.095,0.085,0.076,0.069,0.063,0.061],[0.0,0.014,0.029,0.043,0.058,0.072,0.087,0.101,0.114,0.125,0.134,0.14,0.144,0.144,0.141,0.136,0.128,0.118,0.107,0.097,0.086,0.077,0.07,0.065,0.062],[0.0,0.015,0.03,0.046,0.062,0.077,0.093,0.108,0.122,0.135,0.145,0.152,0.156,0.156,0.153,0.147,0.138,0.127,0.115,0.103,0.092,0.082,0.074,0.068,0.065],[0.0,0.017,0.033,0.051,0.068,0.086,0.104,0.121,0.137,0.152,0.163,0.172,0.177,0.177,0.173,0.165,0.155,0.142,0.129,0.115,0.102,0.091,0.081,0.075,0.071],[0.0,0.019,0.038,0.057,0.077,0.098,0.118,0.139,0.158,0.176,0.19,0.201,0.207,0.207,0.202,0.192,0.179,0.164,0.147,0.131,0.115,0.102,0.091,0.084,0.08],[0.0,0.021,0.043,0.065,0.088,0.112,0.137,0.161,0.185,0.207,0.226,0.239,0.246,0.247,0.24,0.228,0.211,0.191,0.171,0.151,0.132,0.116,0.104,0.095,0.09],[0.001,0.024,0.049,0.074,0.101,0.129,0.158,0.188,0.218,0.246,0.27,0.288,0.297,0.298,0.289,0.272,0.25,0.225,0.199,0.174,0.151,0.132,0.117,0.107,0.101],[0.001,0.027,0.055,0.084,0.115,0.148,0.182,0.219,0.256,0.291,0.323,0.348,0.361,0.362,0.349,0.326,0.296,0.263,0.23,0.199,0.172,0.149,0.132,0.119,0.113],[0.002,0.03,0.061,0.094,0.129,0.167,0.207,0.251,0.297,0.344,0.387,0.422,0.442,0.442,0.423,0.39,0.348,0.305,0.264,0.226,0.193,0.166,0.146,0.132,0.124],[0.002,0.033,0.067,0.103,0.142,0.185,0.232,0.284,0.341,0.401,0.461,0.511,0.545,0.545,0.512,0.463,0.405,0.349,0.297,0.252,0.213,0.182,0.159,0.143,0.135],[0.003,0.035,0.072,0.111,0.153,0.2,0.253,0.314,0.382,0.459,0.545,0.628,0.675,0.675,0.628,0.545,0.463,0.39,0.327,0.274,0.231,0.196,0.17,0.153,0.143],[0.003,0.037,0.075,0.116,0.161,0.212,0.27,0.337,0.416,0.509,0.628,0.724,0.778,0.778,0.724,0.628,0.512,0.424,0.351,0.291,0.243,0.206,0.178,0.159,0.15],[0.003,0.038,0.077,0.119,0.166,0.218,0.279,0.35,0.435,0.545,0.675,0.778,0.835,0.835,0.778,0.675,0.545,0.443,0.364,0.3,0.25,0.211,0.182,0.163,0.153],[0.003,0.038,0.077,0.119,0.166,0.218,0.279,0.35,0.435,0.545,0.675,0.778,0.835,0.835,0.778,0.675,0.545,0.443,0.364,0.3,0.25,0.211,0.182,0.163,0.153],[0.003,0.037,0.076,0.117,0.162,0.212,0.27,0.337,0.416,0.509,0.628,0.724,0.778,0.778,0.724,0.628,0.513,0.424,0.351,0.291,0.243,0.206,0.178,0.16,0.15],[0.003,0.035,0.072,0.111,0.153,0.201,0.254,0.314,0.382,0.459,0.545,0.628,0.675,0.675,0.628,0.545,0.463,0.39,0.327,0.274,0.231,0.196,0.17,0.153,0.144],[0.002,0.033,0.067,0.103,0.142,0.185,0.232,0.284,0.341,0.401,0.461,0.512,0.545,0.545,0.513,0.463,0.406,0.349,0.297,0.252,0.214,0.183,0.159,0.144,0.135],[0.002,0.03,0.062,0.094,0.129,0.167,0.208,0.252,0.298,0.344,0.388,0.423,0.442,0.443,0.424,0.39,0.349,0.306,0.264,0.227,0.194,0.167,0.146,0.132,0.125],[0.001,0.027,0.055,0.085,0.116,0.148,0.183,0.22,0.257,0.293,0.325,0.349,0.363,0.363,0.351,0.327,0.297,0.264,0.231,0.2,0.173,0.15,0.132,0.12,0.114],[0.001,0.024,0.049,0.075,0.102,0.13,0.16,0.19,0.22,0.247,0.272,0.29,0.299,0.3,0.291,0.274,0.252,0.227,0.2,0.175,0.153,0.133,0.118,0.108,0.102],[0.0,0.022,0.044,0.066,0.089,0.114,0.139,0.163,0.187,0.21,0.228,0.242,0.249,0.25,0.243,0.231,0.214,0.194,0.173,0.153,0.134,0.118,0.105,0.096,0.091],[0.0,0.019,0.039,0.058,0.079,0.1,0.121,0.141,0.161,0.179,0.194,0.205,0.21,0.211,0.206,0.196,0.183,0.167,0.15,0.133,0.118,0.104,0.093,0.086,0.081],[0.0,0.017,0.034,0.052,0.07,0.088,0.107,0.124,0.141,0.156,0.168,0.177,0.182,0.182,0.178,0.17,0.159,0.146,0.132,0.118,0.105,0.093,0.084,0.077,0.074],[0.0,0.016,0.032,0.048,0.064,0.081,0.097,0.113,0.127,0.14,0.151,0.158,0.162,0.163,0.159,0.153,0.143,0.132,0.12,0.108,0.096,0.086,0.077,0.071,0.068],[0.0,0.015,0.03,0.045,0.061,0.076,0.092,0.106,0.12,0.132,0.142,0.149,0.152,0.153,0.15,0.144,0.135,0.125,0.113,0.102,0.091,0.081,0.074,0.068,0.065]],"births":0,"stats":{"N":10,"avg_energy":1.0,"divisions":0,"food":0.2083}},{"step":56,"t":0.56,"agents":[[62.4,40.5,-6.92,1.0,0,1.42],[71.3,50.4,3.7,1.0,0,1.78],[51.0,66.8,1.97,1.0,1,1.57],[68.1,48.5,13.49,1.0,0,1.76],[57.4,59.3,0.22,1.0,1,1.38],[33.7,51.4,-1.26,1.0,1,1.74],[48.9,66.4,13.25,1.0,0,1.44],[46.6,57.4,2.58,1.0,1,1.86],[55.2,40.1,7.6,1.0,1,1.86],[66.6,58.5,-1.52,1.0,0,1.7]],"glucose":[[0.0,0.016,0.032,0.049,0.065,0.081,0.096,0.111,0.125,0.136,0.146,0.153,0.156,0.157,0.154,0.149,0.141,0.132,0.122,0.111,0.101,0.092,0.085,0.079,0.076],[0.0,0.016,0.033,0.049,0.066,0.082,0.098,0.113,0.127,0.139,0.149,0.156,0.16,0.16,0.157,0.152,0.144,0.134,0.124,0.113,0.102,0.093,0.086,0.08,0.077],[0.0,0.017,0.035,0.052,0.07,0.087,0.104,0.12,0.135,0.148,0.159,0.167,0.171,0.171,0.169,0.162,0.154,0.143,0.131,0.119,0.108,0.098,0.09,0.084,0.081],[0.0,0.019,0.038,0.057,0.076,0.095,0.114,0.133,0.15,0.165,0.177,0.186,0.191,0.191,0.188,0.18,0.17,0.158,0.144,0.13,0.118,0.106,0.097,0.091,0.087],[0.0,0.021,0.042,0.063,0.085,0.106,0.128,0.15,0.17,0.188,0.203,0.214,0.22,0.22,0.216,0.206,0.194,0.179,0.162,0.146,0.131,0.118,0.107,0.1,0.096],[0.0,0.023,0.047,0.071,0.095,0.121,0.146,0.172,0.196,0.218,0.237,0.251,0.258,0.259,0.253,0.241,0.224,0.205,0.185,0.165,0.147,0.132,0.119,0.111,0.106],[0.001,0.026,0.052,0.08,0.108,0.137,0.167,0.197,0.227,0.255,0.279,0.297,0.307,0.308,0.3,0.283,0.262,0.237,0.212,0.188,0.166,0.148,0.133,0.123,0.117],[0.001,0.029,0.058,0.089,0.121,0.155,0.19,0.227,0.264,0.299,0.331,0.355,0.369,0.37,0.358,0.335,0.306,0.275,0.243,0.213,0.187,0.164,0.147,0.136,0.129],[0.002,0.032,0.064,0.098,0.134,0.173,0.214,0.258,0.304,0.35,0.393,0.427,0.447,0.447,0.429,0.397,0.357,0.315,0.275,0.239,0.207,0.181,0.162,0.148,0.141],[0.002,0.035,0.07,0.107,0.147,0.19,0.238,0.29,0.346,0.405,0.464,0.514,0.545,0.545,0.515,0.467,0.412,0.357,0.307,0.264,0.227,0.197,0.175,0.159,0.151],[0.003,0.037,0.075,0.115,0.158,0.206,0.259,0.318,0.386,0.462,0.545,0.628,0.675,0.675,0.628,0.545,0.468,0.397,0.337,0.286,0.244,0.21,0.186,0.169,0.16],[0.003,0.039,0.078,0.12,0.166,0.217,0.275,0.341,0.419,0.511,0.628,0.724,0.778,0.778,0.724,0.628,0.516,0.43,0.359,0.302,0.256,0.22,0.194,0.176,0.166],[0.003,0.039,0.08,0.123,0.17,0.223,0.283,0.354,0.438,0.545,0.675,0.778,0.835,0.835,0.778,0.675,0.545,0.448,0.372,0.311,0.263,0.225,0.198,0.179,0.17],[0.003,0.039,0.08,0.123,0.17,0.223,0.283,0.354,0.438,0.545,0.675,0.778,0.835,0.835,0.778,0.675,0.545,0.449,0.372,0.311,0.263,0.225,0.198,0.179,0.17],[0.003,0.039,0.078,0.12,0.166,0.217,0.275,0.341,0.419,0.511,0.628,0.724,0.778,0.778,0.724,0.628,0.516,0.43,0.36,0.302,0.256,0.22,0.194,0.176,0.166],[0.003,0.037,0.075,0.115,0.158,0.206,0.259,0.319,0.386,0.462,0.545,0.628,0.675,0.675,0.628,0.545,0.468,0.398,0.337,0.286,0.244,0.211,0.186,0.169,0.16],[0.002,0.035,0.07,0.108,0.148,0.191,0.238,0.29,0.346,0.406,0.465,0.514,0.545,0.545,0.516,0.468,0.413,0.358,0.308,0.264,0.227,0.198,0.175,0.16,0.152],[0.002,0.032,0.065,0.099,0.135,0.174,0.215,0.259,0.305,0.351,0.394,0.428,0.447,0.448,0.43,0.398,0.358,0.316,0.276,0.24,0.208,0.182,0.162,0.149,0.141],[0.001,0.029,0.059,0.09,0.122,0.156,0.191,0.228,0.265,0.301,0.333,0.357,0.371,0.371,0.359,0.337,0.308,0.276,0.244,0.214,0.188,0.166,0.148,0.137,0.13],[0.001,0.026,0.053,0.08,0.109,0.138,0.169,0.199,0.229,0.257,0.282,0.3,0.31,0.31,0.302,0.286,0.264,0.24,0.214,0.19,0.168,0.149,0.134,0.124,0.119],[0.0,0.024,0.047,0.072,0.097,0.122,0.148,0.174,0.198,0.221,0.24,0.254,0.261,0.262,0.256,0.244,0.227,0.208,0.188,0.168,0.149,0.134,0.121,0.112,0.108],[0.0,0.021,0.043,0.064,0.086,0.109,0.131,0.153,0.173,0.192,0.207,0.218,0.224,0.224,0.22,0.211,0.198,0.182,0.166,0.149,0.134,0.12,0.11,0.102,0.098],[0.0,0.019,0.039,0.058,0.078,0.098,0.118,0.136,0.154,0.169,0.182,0.191,0.196,0.197,0.193,0.186,0.175,0.162,0.148,0.134,0.121,0.11,0.1,0.094,0.09],[0.0,0.018,0.036,0.054,0.072,0.09,0.108,0.125,0.141,0.154,0.166,0.173,0.178,0.178,0.175,0.169,0.16,0.149,0.136,0.124,0.112,0.102,0.094,0.088,0.084],[0.0,0.017,0.035,0.052,0.069,0.086,0.103,0.119,0.134,0.146,0.157,0.164,0.168,0.169,0.166,0.16,0.152,0.141,0.13,0.119,0.108,0.098,0.09,0.084,0.081]],"births":0,"stats":{"N":10,"avg_energy":1.0,"divisions":0,"food":0.218}},{"step":64,"t":0.64,"agents":[[57.6,59.1,-2.21,1.0,1,1.43],[62.0,39.9,3.25,0.51,1,0.74],[62.0,41.7,4.47,0.51,1,0.75],[71.2,50.2,3.31,0.51,1,0.92],[72.0,50.8,0.19,0.51,0,0.92],[50.7,67.2,0.23,0.51,1,0.82],[50.4,67.5,1.09,0.51,1,0.81],[68.2,47.2,5.89,0.51,0,0.91],[67.3,48.5,3.28,0.51,0,0.92],[33.2,50.9,0.27,0.51,1,0.9],[33.5,51.3,8.65,0.51,0,0.9],[48.2,66.9,5.85,0.51,1,0.75],[48.2,66.9,4.95,0.51,1,0.75],[56.2,41.3,6.89,0.51,0,0.96],[55.3,40.9,3.15,0.51,1,0.96],[67.2,58.3,0.36,0.51,0,0.88],[66.8,58.4,7.06,0.51,0,0.89],[47.8,58.5,-0.23,0.5,0,0.95],[47.1,58.4,-1.5,0.5,0,0.95]],"glucose":[[0.0,0.018,0.036,0.054,0.072,0.09,0.107,0.122,0.137,0.149,0.16,0.167,0.171,0.172,0.169,0.164,0.157,0.147,0.137,0.127,0.117,0.108,0.1,0.095,0.092],[0.0,0.018,0.037,0.055,0.073,0.091,0.108,0.124,0.139,0.152,0.162,0.17,0.174,0.175,0.172,0.167,0.159,0.15,0.139,0.128,0.118,0.109,0.102,0.096,0.093],[0.0,0.019,0.038,0.058,0.077,0.096,0.114,0.131,0.147,0.161,0.172,0.18,0.185,0.186,0.183,0.177,0.169,0.158,0.147,0.135,0.124,0.114,0.106,0.1,0.097],[0.0,0.021,0.041,0.062,0.083,0.103,0.124,0.143,0.161,0.177,0.19,0.199,0.204,0.205,0.202,0.195,0.185,0.172,0.159,0.146,0.133,0.122,0.113,0.107,0.103],[0.0,0.023,0.045,0.068,0.091,0.114,0.137,0.16,0.18,0.199,0.214,0.226,0.232,0.233,0.229,0.22,0.207,0.193,0.177,0.161,0.146,0.133,0.123,0.116,0.112],[0.0,0.025,0.05,0.076,0.102,0.128,0.154,0.181,0.206,0.228,0.247,0.261,0.269,0.27,0.264,0.253,0.237,0.218,0.199,0.18,0.162,0.147,0.135,0.126,0.122],[0.001,0.028,0.056,0.084,0.113,0.144,0.175,0.206,0.236,0.264,0.288,0.306,0.316,0.317,0.309,0.294,0.273,0.25,0.225,0.202,0.181,0.163,0.148,0.139,0.133],[0.001,0.03,0.061,0.093,0.126,0.161,0.197,0.234,0.271,0.307,0.338,0.362,0.376,0.377,0.366,0.344,0.316,0.286,0.255,0.226,0.2,0.179,0.163,0.151,0.145],[0.002,0.033,0.067,0.102,0.139,0.179,0.22,0.264,0.31,0.356,0.398,0.432,0.451,0.452,0.434,0.403,0.365,0.325,0.286,0.251,0.221,0.196,0.177,0.164,0.157],[0.002,0.036,0.073,0.111,0.152,0.195,0.243,0.295,0.351,0.409,0.467,0.516,0.545,0.546,0.518,0.472,0.418,0.366,0.317,0.275,0.24,0.211,0.19,0.175,0.167],[0.003,0.038,0.077,0.118,0.162,0.21,0.263,0.323,0.39,0.464,0.545,0.628,0.675,0.675,0.628,0.546,0.472,0.404,0.346,0.297,0.256,0.224,0.2,0.184,0.176],[0.003,0.04,0.08,0.123,0.17,0.221,0.279,0.345,0.422,0.512,0.628,0.724,0.778,0.778,0.724,0.628,0.519,0.436,0.368,0.313,0.268,0.234,0.208,0.191,0.182],[0.003,0.041,0.082,0.126,0.174,0.227,0.287,0.357,0.44,0.545,0.675,0.778,0.835,0.835,0.778,0.675,0.546,0.454,0.38,0.321,0.275,0.239,0.212,0.194,0.185],[0.003,0.041,0.082,0.126,0.174,0.227,0.287,0.357,0.44,0.545,0.675,0.778,0.835,0.835,0.778,0.675,0.546,0.454,0.38,0.321,0.275,0.239,0.212,0.195,0.185],[0.003,0.04,0.08,0.123,0.17,0.221,0.279,0.345,0.422,0.512,0.628,0.724,0.778,0.778,0.724,0.628,0.519,0.436,0.368,0.313,0.269,0.234,0.208,0.191,0.182],[0.003,0.038,0.077,0.118,0.162,0.21,0.264,0.323,0.39,0.465,0.545,0.628,0.675,0.675,0.628,0.546,0.473,0.405,0.346,0.297,0.257,0.225,0.201,0.185,0.176],[0.002,0.036,0.073,0.111,0.152,0.196,0.244,0.296,0.351,0.41,0.468,0.517,0.546,0.546,0.519,0.473,0.419,0.366,0.318,0.276,0.241,0.212,0.19,0.175,0.168],[0.002,0.033,0.068,0.103,0.14,0.179,0.221,0.265,0.311,0.357,0.399,0.433,0.452,0.453,0.436,0.405,0.366,0.326,0.287,0.252,0.222,0.197,0.178,0.164,0.157],[0.001,0.031,0.062,0.094,0.127,0.162,0.198,0.235,0.273,0.308,0.34,0.364,0.378,0.379,0.367,0.346,0.318,0.287,0.256,0.227,0.202,0.18,0.164,0.152,0.146],[0.001,0.028,0.056,0.085,0.115,0.145,0.176,0.208,0.238,0.266,0.291,0.309,0.319,0.32,0.312,0.297,0.276,0.252,0.227,0.204,0.182,0.164,0.15,0.14,0.135],[0.0,0.025,0.051,0.077,0.103,0.13,0.157,0.183,0.208,0.231,0.25,0.265,0.272,0.273,0.268,0.256,0.24,0.222,0.202,0.182,0.165,0.149,0.137,0.129,0.124],[0.0,0.023,0.046,0.07,0.093,0.117,0.14,0.163,0.184,0.203,0.219,0.23,0.236,0.237,0.233,0.224,0.212,0.197,0.18,0.164,0.149,0.136,0.126,0.118,0.114],[0.0,0.021,0.042,0.064,0.085,0.106,0.127,0.147,0.166,0.182,0.195,0.204,0.21,0.211,0.207,0.2,0.19,0.177,0.164,0.15,0.137,0.126,0.117,0.11,0.106],[0.0,0.02,0.04,0.06,0.08,0.099,0.118,0.136,0.153,0.167,0.179,0.187,0.192,0.193,0.19,0.184,0.175,0.164,0.152,0.14,0.129,0.118,0.11,0.104,0.101],[0.0,0.019,0.038,0.058,0.077,0.095,0.113,0.131,0.146,0.16,0.171,0.178,0.183,0.184,0.181,0.175,0.167,0.157,0.146,0.135,0.124,0.114,0.106,0.101,0.098]],"births":0,"stats":{"N":19,"avg_energy":0.533,"divisions":9,"food":0.2272}},{"step":72,"t":0.72,"agents":[[61.5,39.6,-0.27,0.52,0,0.78],[62.2,40.2,5.0,0.52,0,0.79],[70.7,50.3,9.23,0.52,0,0.95],[71.4,50.9,2.43,0.52,1,0.97],[51.7,67.5,-3.61,0.52,1,0.85],[50.7,68.5,2.62,0.52,0,0.84],[68.4,47.6,7.71,0.52,1,0.95],[66.6,49.4,1.61,0.52,0,0.96],[34.0,51.9,-1.45,0.52,1,0.94],[32.9,51.4,7.99,0.52,1,0.94],[49.2,66.7,7.69,0.52,0,0.78],[47.8,66.5,5.21,0.52,1,0.79],[55.9,41.6,11.83,0.52,1,0.99],[55.3,41.2,5.17,0.52,1,0.99],[67.1,58.3,8.69,0.52,0,0.91],[67.4,59.0,6.89,0.52,0,0.94],[48.2,58.7,2.82,0.52,0,0.99],[47.3,57.6,-0.79,0.52,0,1.0],[58.0,59.4,1.28,0.51,0,0.75],[59.0,59.0,5.31,0.51,1,0.74]],"glucose":[[0.0,0.02,0.04,0.059,0.079,0.098,0.116,0.133,0.148,0.161,0.172,0.18,0.184,0.186,0.184,0.179,0.171,0.162,0.152,0.142,0.132,0.123,0.116,0.111,0.108],[0.0,0.02,0.04,0.06,0.08,0.099,0.117,0.134,0.15,0.164,0.175,0.183,0.187,0.188,0.186,0.181,0.174,0.165,0.154,0.144,0.134,0.125,0.117,0.112,0.109],[0.0,0.021,0.042,0.063,0.083,0.103,0.123,0.141,0.158,0.172,0.184,0.193,0.198,0.199,0.197,0.191,0.183,0.173,0.161,0.15,0.139,0.129,0.121,0.116,0.113],[0.0,0.022,0.045,0.067,0.089,0.111,0.132,0.152,0.171,0.188,0.201,0.211,0.216,0.218,0.215,0.208,0.198,0.186,0.174,0.161,0.148,0.137,0.129,0.122,0.119],[0.0,0.024,0.048,0.073,0.097,0.121,0.145,0.168,0.19,0.209,0.225,0.237,0.243,0.244,0.241,0.232,0.22,0.206,0.191,0.175,0.161,0.148,0.138,0.131,0.127],[0.0,0.026,0.053,0.08,0.107,0.135,0.162,0.189,0.214,0.237,0.257,0.271,0.279,0.28,0.275,0.264,0.249,0.231,0.212,0.194,0.177,0.162,0.15,0.142,0.137],[0.001,0.029,0.058,0.088,0.119,0.15,0.181,0.213,0.244,0.272,0.296,0.315,0.325,0.326,0.319,0.304,0.284,0.261,0.238,0.215,0.194,0.177,0.163,0.154,0.149],[0.001,0.032,0.064,0.097,0.131,0.166,0.203,0.24,0.278,0.313,0.345,0.369,0.383,0.384,0.373,0.353,0.326,0.296,0.266,0.238,0.214,0.193,0.177,0.166,0.16],[0.002,0.035,0.07,0.106,0.144,0.183,0.226,0.27,0.315,0.361,0.403,0.436,0.456,0.457,0.44,0.41,0.373,0.334,0.297,0.263,0.234,0.209,0.191,0.178,0.172],[0.002,0.037,0.075,0.114,0.155,0.2,0.248,0.299,0.355,0.413,0.47,0.519,0.547,0.548,0.521,0.476,0.425,0.374,0.327,0.286,0.252,0.225,0.204,0.189,0.182],[0.003,0.039,0.079,0.121,0.166,0.214,0.267,0.327,0.393,0.467,0.545,0.628,0.675,0.675,0.628,0.548,0.477,0.411,0.355,0.307,0.268,0.237,0.214,0.199,0.191],[0.003,0.041,0.082,0.126,0.173,0.225,0.282,0.348,0.424,0.514,0.628,0.724,0.778,0.778,